Nr,TID,PID,x [mm],y [mm],t [sec],I [val],Len [mm],D2S [mm],D2R [mm],D2P [mm],v [mm/sec],α [deg],Δα [deg]
1,1,1,205.463,93.512,0,66.2,0,0,NA,NA,NA,NA,NA
2,1,2,204.146,88.244,0,67.4,5.43,5.43,NA,5.43,NA,-104.036,NA
3,1,3,203.619,84.293,0,66.5,9.417,9.402,NA,3.986,NA,-97.595,6.442
4,1,4,202.302,81.658,0,65.2,12.362,12.268,NA,2.945,NA,-116.565,-18.97
5,1,5,200.985,80.605,0,85,14.048,13.662,NA,1.687,NA,-141.34,-24.775
6,1,6,201.512,80.868,0,62.9,14.637,13.247,NA,0.589,NA,26.565,167.905
7,1,7,201.512,84.029,0,50.2,17.798,10.273,NA,3.161,NA,90,63.435
8,1,8,200.985,87.717,0,57.3,21.524,7.324,NA,3.725,NA,98.13,8.13
9,1,9,200.195,91.668,0,48.9,25.553,5.582,NA,4.029,NA,101.31,3.18
10,1,10,197.824,97.463,0,54.7,31.814,8.6,NA,6.261,NA,112.249,10.939
11,1,11,194.663,101.678,0,46.8,37.083,13.54,NA,5.268,NA,126.87,14.621
12,1,12,191.239,103.785,0,49.9,41.103,17.546,NA,4.021,NA,148.392,21.523
13,1,13,187.814,105.102,0,50.2,44.772,21.114,NA,3.669,NA,158.962,10.57
14,1,14,184.917,103.522,0,58,48.073,22.855,NA,3.301,NA,-151.39,49.648
15,1,15,183.336,100.624,0,50.3,51.374,23.242,NA,3.301,NA,-118.61,32.779
16,1,16,182.81,100.624,0,50.3,51.9,23.744,NA,0.527,NA,180,-61.39
17,1,17,179.649,102.995,0,50.4,55.852,27.501,NA,3.951,NA,143.13,-36.87
18,1,18,178.068,110.107,0,58.5,63.137,32.03,NA,7.286,NA,102.529,-40.601
19,1,19,175.697,115.112,0,87.8,68.675,36.777,NA,5.538,NA,115.346,12.817
20,1,20,175.961,115.639,0,92,69.264,36.878,NA,0.589,NA,63.435,-51.911
21,1,21,176.224,116.429,0,83,70.097,37.15,NA,0.833,NA,71.565,8.13
22,1,22,175.697,120.38,0,84.1,74.083,40.099,NA,3.986,NA,97.595,26.03
23,1,23,174.644,122.488,0,73.3,76.439,42.302,NA,2.356,NA,116.565,18.97
24,1,24,173.063,124.595,0,79.4,79.074,44.899,NA,2.634,NA,126.87,10.305
25,1,25,172.8,124.595,0,80.7,79.337,45.089,NA,0.263,NA,180,53.13
26,1,26,173.59,123.541,0,78.1,80.654,43.791,NA,1.317,NA,-53.13,126.87
27,1,27,174.907,122.488,0,74.5,82.341,42.11,NA,1.687,NA,-38.66,14.47
28,1,28,176.488,119.59,0,78.6,85.641,38.983,NA,3.301,NA,-61.39,-22.73
29,1,29,179.649,113.795,0,72.1,92.243,32.83,NA,6.601,NA,-61.39,0
30,1,30,183.6,109.58,0,56.9,98.02,27.133,NA,5.777,NA,-46.848,14.542
31,1,31,185.444,106.683,0,58.3,101.454,23.963,NA,3.435,NA,-57.529,-10.681
32,1,32,187.551,101.678,0,58.2,106.885,19.686,NA,5.43,NA,-67.166,-9.638
33,1,33,190.712,101.415,0,61.8,110.056,16.735,NA,3.172,NA,-4.764,62.403
34,1,34,193.346,102.732,0,46.7,113.002,15.226,NA,2.945,NA,26.565,31.329
35,1,35,194.927,103.258,0,56.9,114.668,14.353,NA,1.666,NA,18.435,-8.13
36,1,36,195.453,104.576,0,63.8,116.086,14.92,NA,1.419,NA,68.199,49.764
37,1,37,194.663,108.79,0,61.5,120.374,18.71,NA,4.288,NA,100.62,32.421
38,1,38,193.61,111.688,0,55.9,123.457,21.699,NA,3.083,NA,109.983,9.363
39,1,39,190.185,113.268,0,65.5,127.229,24.974,NA,3.772,NA,155.225,45.242
40,1,40,186.497,114.585,0,72.3,131.145,28.351,NA,3.916,NA,160.346,5.121
41,1,41,185.18,111.424,0,77.1,134.569,27.06,NA,3.424,NA,-112.62,87.034
42,1,42,186.234,109.054,0,66.2,137.163,24.724,NA,2.594,NA,-66.038,46.582
43,1,43,189.922,106.683,0,62.9,141.548,20.372,NA,4.384,NA,-32.735,33.302
44,1,44,193.61,104.576,0,56.9,145.795,16.214,NA,4.247,NA,-29.745,2.99
45,1,45,198.351,101.151,0,61.7,151.644,10.437,NA,5.849,NA,-35.838,-6.093
46,1,46,202.566,97.99,0,58.6,156.912,5.334,NA,5.268,NA,-36.87,-1.032
47,1,47,205.727,93.249,0,70.2,162.611,0.373,NA,5.699,NA,-56.31,-19.44
48,1,48,208.361,89.824,0,69.9,166.931,4.69,NA,4.32,NA,-52.431,3.879
49,1,49,208.888,86.663,0,75.6,170.135,7.657,NA,3.205,NA,-80.538,-28.106
50,1,50,208.624,84.029,0,105.6,172.783,9.996,NA,2.647,NA,-95.711,-15.173
51,1,51,207.571,81.658,0,111.9,175.377,12.04,NA,2.594,NA,-113.962,-18.252
52,1,52,206.78,81.132,0,47.9,176.327,12.45,NA,0.95,NA,-146.31,-32.347
53,1,53,201.775,78.761,0,65.2,181.865,15.205,NA,5.538,NA,-154.654,-8.344
54,1,54,200.195,82.976,0,51.6,186.366,11.78,NA,4.501,NA,110.556,-94.79
55,1,55,200.722,92.985,0,51.3,196.39,4.771,NA,10.024,NA,86.987,-23.569
56,1,56,201.775,96.41,0,69.2,199.972,4.69,NA,3.583,NA,72.897,-14.09
57,1,57,202.039,102.468,0,61.8,206.037,9.588,NA,6.064,NA,87.51,14.613
58,1,58,199.668,106.419,0,66.8,210.645,14.149,NA,4.608,NA,120.964,33.453
59,1,59,195.717,112.215,0,65.1,217.659,21.09,NA,7.014,NA,124.287,3.323
60,1,60,195.19,113.268,0,59.4,218.837,22.267,NA,1.178,NA,116.565,-7.722
61,1,61,195.453,111.951,0,60.5,220.18,20.981,NA,1.343,NA,-78.69,164.745
62,1,62,198.614,107.473,0,56.9,225.661,15.55,NA,5.481,NA,-54.782,23.908
63,1,63,202.829,100.097,0,58.2,234.156,7.093,NA,8.495,NA,-60.255,-5.473
64,1,64,205.463,96.41,0,55.1,238.688,2.898,NA,4.532,NA,-54.462,5.793
65,1,65,205.2,90.615,0,69.7,244.489,2.91,NA,5.801,NA,-92.603,-38.14
66,1,66,207.044,85.61,0,71.6,249.823,8.059,NA,5.334,NA,-69.775,22.827
67,1,67,207.571,83.502,0,62.9,251.995,10.229,NA,2.172,NA,-75.964,-6.189
68,1,68,206.253,83.239,0,44.5,253.338,10.304,NA,1.343,NA,-168.69,-92.726
69,1,69,204.936,84.819,0,57.1,255.395,8.709,NA,2.057,NA,129.806,-61.504
70,1,70,204.673,89.561,0,56,260.144,4.029,NA,4.749,NA,93.18,-36.626
71,1,71,203.092,96.41,0,59.6,267.173,3.744,NA,7.029,NA,102.995,9.815
72,1,72,203.883,104.049,0,57.2,274.853,10.654,NA,7.68,NA,84.094,-18.901
73,1,73,204.673,108,0,47.9,278.882,14.509,NA,4.029,NA,78.69,-5.404
74,1,74,204.936,105.102,0,55.9,281.792,11.602,NA,2.91,NA,-84.806,-163.496
75,1,75,207.307,101.678,0,116.4,285.957,8.371,NA,4.165,NA,-55.305,29.501
76,1,76,207.571,101.678,0,117.3,286.22,8.433,NA,0.263,NA,0,55.305
77,1,77,207.571,101.151,0,78.9,286.747,7.924,NA,0.527,NA,-90,-90
78,1,78,208.888,97.99,0,62.9,290.171,5.637,NA,3.424,NA,-67.38,22.62
79,1,79,208.888,94.302,0,74.6,293.859,3.514,NA,3.688,NA,-90,-22.62
80,1,80,209.678,91.141,0,62.9,297.117,4.836,NA,3.258,NA,-75.964,14.036
81,1,81,207.307,83.239,0,73.5,305.368,10.437,NA,8.25,NA,-106.699,-30.735
82,1,82,207.044,78.761,0,58.2,309.853,14.836,NA,4.486,NA,-93.366,13.333
83,1,83,207.571,74.283,0,54.8,314.362,19.344,NA,4.509,NA,-83.29,10.076
84,1,84,207.571,67.697,0,53.4,320.948,25.9,NA,6.585,NA,-90,-6.71
85,1,85,207.834,65.327,0,47.6,323.333,28.285,NA,2.385,NA,-83.66,6.34
86,1,86,207.834,66.644,0,76.8,324.65,26.973,NA,1.317,NA,90,173.66
87,1,87,208.624,69.015,0,71.1,327.149,24.701,NA,2.499,NA,71.565,-18.435
88,1,88,209.678,70.858,0,62.8,329.273,23.042,NA,2.124,NA,60.255,-11.31
89,1,89,207.571,71.385,0,107,331.445,22.227,NA,2.172,NA,165.964,105.709
90,1,90,207.571,74.546,0,45.7,334.606,19.083,NA,3.161,NA,90,-75.964
91,1,91,207.834,85.873,0,60.6,345.936,7.998,NA,11.33,NA,88.668,-1.332
92,1,92,212.575,102.205,0,60.7,362.942,11.231,NA,17.006,NA,73.811,-14.857
93,1,93,212.575,107.473,0,68.9,368.21,15.668,NA,5.268,NA,90,16.189
94,1,94,212.839,111.688,0,53.8,372.433,19.615,NA,4.223,NA,86.424,-3.576
95,1,95,212.575,111.688,0,54.9,372.696,19.518,NA,0.263,NA,180,93.576
96,1,96,210.732,110.107,0,58.5,375.125,17.411,NA,2.429,NA,-139.399,40.601
97,1,97,212.575,105.102,0,67.6,380.459,13.598,NA,5.334,NA,-69.775,69.624
98,1,98,212.312,102.205,0,56.3,383.368,11.067,NA,2.91,NA,-95.194,-25.419
99,1,99,211.522,98.254,0,52.6,387.398,7.693,NA,4.029,NA,-101.31,-6.116
100,1,100,211.785,93.512,0,62.1,392.146,6.322,NA,4.749,NA,-86.82,14.49
101,1,101,211.785,90.088,0,49.9,395.571,7.19,NA,3.424,NA,-90,-3.18
102,1,102,211.785,89.034,0,51.5,396.624,7.747,NA,1.054,NA,-90,0
103,1,103,211.785,90.088,0,52.5,397.678,7.19,NA,1.054,NA,90,180
104,1,104,212.312,88.244,0,79.5,399.596,8.641,NA,1.918,NA,-74.055,-164.055
105,1,105,213.366,87.717,0,71.4,400.774,9.8,NA,1.178,NA,-26.565,47.49
106,1,106,213.366,87.717,0,82.8,400.774,9.8,NA,0,NA,0,26.565
107,1,107,213.102,88.771,0,50,401.86,8.991,NA,1.086,NA,104.036,104.036
108,1,108,213.102,88.771,0,51.1,401.86,8.991,NA,0,NA,0,-104.036
109,1,109,213.102,86.4,0,61,404.231,10.437,NA,2.371,NA,-90,-90
110,1,110,212.049,81.132,0,63.1,409.603,14.023,NA,5.373,NA,-101.31,-11.31
111,1,111,210.205,77.707,0,61.7,413.493,16.501,NA,3.889,NA,-118.301,-16.991
112,1,112,210.205,78.234,0,55.7,414.019,15.997,NA,0.527,NA,90,-151.699
113,1,113,210.205,78.234,0,55.7,414.019,15.997,NA,0,NA,0,-90
