Nr,TID,PID,x [mm],y [mm],t [sec],I [val],Len [mm],D2S [mm],D2R [mm],D2P [mm],v [mm/sec],α [deg],Δα [deg]
1,1,1,151.085,91.566,0,49.9,0,0,NA,NA,NA,NA,NA
2,1,2,146.125,87.751,0,66.5,6.258,6.258,NA,6.258,NA,-142.431,NA
3,1,3,140.783,86.607,0,74.3,11.72,11.433,NA,5.463,NA,-167.905,-25.474
4,1,4,140.783,89.277,0,53.3,14.391,10.553,NA,2.671,NA,90,-102.095
5,1,5,141.928,97.289,0,54.4,22.484,10.798,NA,8.093,NA,81.87,-8.13
6,1,6,144.217,101.105,0,65,26.934,11.753,NA,4.449,NA,59.036,-22.834
7,1,7,148.032,109.498,0,74.7,36.154,18.19,NA,9.22,NA,65.556,6.52
8,1,8,148.795,113.695,0,89.4,40.419,22.247,NA,4.266,NA,79.695,14.139
9,1,9,148.795,119.799,0,97.9,46.524,28.326,NA,6.104,NA,90,10.305
10,1,10,148.032,120.562,0,102.1,47.603,29.156,NA,1.079,NA,135,45
11,1,11,145.743,117.129,0,104,51.73,26.114,NA,4.127,NA,-123.69,101.31
12,1,12,145.743,113.313,0,83.8,55.545,22.393,NA,3.815,NA,-90,33.69
13,1,13,147.651,104.92,0,78,64.152,13.788,NA,8.608,NA,-77.196,12.804
14,1,14,147.651,95.763,0,70.3,73.309,5.423,NA,9.157,NA,-90,-12.804
15,1,15,144.98,90.803,0,66.3,78.942,6.152,NA,5.633,NA,-118.301,-28.301
16,1,16,142.309,89.277,0,52.4,82.018,9.069,NA,3.076,NA,-150.255,-31.954
17,1,17,139.639,91.185,0,61.6,85.3,11.452,NA,3.282,NA,144.462,-65.283
18,1,18,140.402,100.723,0,64,94.869,14.07,NA,9.569,NA,85.426,-59.036
19,1,19,143.454,107.591,0,65.4,102.384,17.748,NA,7.515,NA,66.038,-19.389
20,1,20,146.888,115.984,0,92,111.453,24.776,NA,9.069,NA,67.751,1.713
21,1,21,146.888,122.852,0,87,118.32,31.565,NA,6.867,NA,90,22.249
22,1,22,144.217,128.574,0,90,124.636,37.64,NA,6.315,NA,115.017,25.017
23,1,23,143.072,131.627,0,80.5,127.895,40.854,NA,3.26,NA,110.556,-4.461
24,1,24,140.783,130.864,0,82.6,130.308,40.625,NA,2.413,NA,-161.565,87.879
25,1,25,141.546,129.338,0,93.4,132.015,38.957,NA,1.706,NA,-63.435,98.13
26,1,26,142.691,123.615,0,87.7,137.851,33.129,NA,5.836,NA,-78.69,-15.255
27,1,27,142.691,117.129,0,91,144.337,26.905,NA,6.486,NA,-90,-11.31
28,1,28,142.691,112.55,0,85,148.915,22.6,NA,4.578,NA,-90,0
29,1,29,144.217,108.735,0,74.6,153.024,18.491,NA,4.109,NA,-68.199,21.801
30,1,30,144.98,103.012,0,67.3,158.798,12.972,NA,5.774,NA,-82.405,-14.207
31,1,31,144.98,100.723,0,65.2,161.087,11.005,NA,2.289,NA,-90,-7.595
32,1,32,144.599,103.012,0,56.9,163.408,13.156,NA,2.321,NA,99.462,-170.538
33,1,33,144.217,106.446,0,65.3,166.863,16.388,NA,3.455,NA,96.34,-3.122
34,1,34,141.546,111.024,0,76.9,172.163,21.67,NA,5.3,NA,120.256,23.916
35,1,35,142.691,115.603,0,83.8,176.882,25.46,NA,4.719,NA,75.964,-44.293
36,1,36,144.599,115.984,0,85,178.828,25.264,NA,1.945,NA,11.31,-64.654
37,1,37,146.125,114.458,0,78,180.986,23.423,NA,2.158,NA,-45,-56.31
38,1,38,146.506,113.695,0,75.8,181.839,22.597,NA,0.853,NA,-63.435,-18.435
39,1,39,145.362,114.076,0,81.5,183.046,23.226,NA,1.206,NA,161.565,-135
40,1,40,143.836,114.84,0,81.7,184.752,24.376,NA,1.706,NA,153.435,-8.13
41,1,41,143.454,113.313,0,79.4,186.325,23.047,NA,1.573,NA,-104.036,102.529
42,1,42,142.309,108.354,0,79.4,191.415,18.942,NA,5.09,NA,-102.995,1.042
43,1,43,142.309,101.105,0,72.1,198.664,12.961,NA,7.249,NA,-90,12.995
44,1,44,141.165,93.856,0,55.6,206.003,10.18,NA,7.339,NA,-98.973,-8.973
45,1,45,141.165,93.474,0,65.3,206.384,10.101,NA,0.382,NA,-90,8.973
46,1,46,138.494,94.619,0,58.5,209.29,12.955,NA,2.906,NA,156.801,-113.199
47,1,47,136.205,98.434,0,54.8,213.739,16.388,NA,4.449,NA,120.964,-35.838
48,1,48,131.627,101.105,0,54.6,219.04,21.67,NA,5.3,NA,149.744,28.78
49,1,49,129.719,99.96,0,74.3,221.264,22.955,NA,2.225,NA,-149.036,61.22
50,1,50,126.285,96.908,0,72.1,225.859,25.368,NA,4.594,NA,-138.366,10.67
51,1,51,121.707,93.092,0,43.9,231.818,29.417,NA,5.96,NA,-140.194,-1.828
52,1,52,121.707,89.659,0,75.8,235.252,29.439,NA,3.434,NA,-90,50.194
53,1,53,122.47,88.896,0,45.5,236.331,28.739,NA,1.079,NA,-45,45
54,1,54,128.574,86.607,0,46.9,242.851,23.05,NA,6.52,NA,-20.556,24.444
55,1,55,133.534,87.37,0,53.3,247.869,18.045,NA,5.018,NA,8.746,29.302
56,1,56,139.639,91.566,0,54.4,255.277,11.446,NA,7.408,NA,34.509,25.762
57,1,57,139.639,93.474,0,57.3,257.184,11.604,NA,1.908,NA,90,55.491
58,1,58,138.494,95.382,0,80.7,259.409,13.156,NA,2.225,NA,120.964,30.964
59,1,59,138.113,98.052,0,67.7,262.107,14.503,NA,2.698,NA,98.13,-22.834
60,1,60,136.587,97.289,0,80.1,263.813,15.587,NA,1.706,NA,-153.435,108.435
61,1,61,133.916,93.856,0,46.5,268.163,17.321,NA,4.35,NA,-127.875,25.56
62,1,62,131.627,86.988,0,57.1,275.402,19.989,NA,7.239,NA,-108.435,19.44
63,1,63,131.627,88.133,0,49.1,276.547,19.759,NA,1.145,NA,90,-161.565
64,1,64,133.534,90.422,0,46.9,279.526,17.588,NA,2.98,NA,50.194,-39.806
65,1,65,140.783,99.578,0,74.6,291.205,13.05,NA,11.679,NA,51.633,1.438
66,1,66,143.836,109.498,0,75.9,301.584,19.342,NA,10.379,NA,72.897,21.265
67,1,67,143.836,112.932,0,76.8,305.018,22.562,NA,3.434,NA,90,17.103
68,1,68,141.546,113.313,0,60.3,307.338,23.747,NA,2.321,NA,170.538,80.538
69,1,69,138.876,114.076,0,72.5,310.116,25.608,NA,2.778,NA,164.055,-6.483
70,1,70,138.113,112.169,0,71.2,312.17,24.346,NA,2.055,NA,-111.801,84.144
71,1,71,136.587,109.498,0,62.6,315.246,23.059,NA,3.076,NA,-119.745,-7.943
72,1,72,138.494,99.96,0,60.7,324.973,15.132,NA,9.727,NA,-78.69,41.055
73,1,73,135.06,88.514,0,54.6,336.923,16.312,NA,11.95,NA,-106.699,-28.009
74,1,74,132.771,87.37,0,49.9,339.483,18.788,NA,2.559,NA,-153.435,-46.736
75,1,75,129.338,88.133,0,52.3,343,22.016,NA,3.518,NA,167.471,-39.094
76,1,76,125.522,90.422,0,56,347.449,25.588,NA,4.449,NA,149.036,-18.435
77,1,77,124.759,92.711,0,71.2,349.862,26.35,NA,2.413,NA,108.435,-40.601
78,1,78,125.904,98.815,0,53.6,356.073,26.203,NA,6.211,NA,79.38,-29.055
79,1,79,124.378,101.105,0,56.9,358.824,28.359,NA,2.751,NA,123.69,44.31
80,1,80,121.325,104.157,0,51.5,363.141,32.313,NA,4.316,NA,135,11.31
81,1,81,119.036,104.538,0,45.3,365.462,34.574,NA,2.321,NA,170.538,35.538
82,1,82,119.036,101.486,0,50.3,368.514,33.548,NA,3.052,NA,-90,99.462
83,1,83,119.418,98.815,0,51.5,371.212,32.486,NA,2.698,NA,-81.87,8.13
84,1,84,122.47,97.671,0,53.6,374.471,29.258,NA,3.26,NA,-20.556,61.314
85,1,85,127.43,91.948,0,53.3,382.044,23.658,NA,7.573,NA,-49.086,-28.53
86,1,86,130.101,91.566,0,46.8,384.742,20.984,NA,2.698,NA,-8.13,40.956
87,1,87,132.39,91.948,0,49.9,387.063,18.699,NA,2.321,NA,9.462,17.592
88,1,88,133.916,91.566,0,48.9,388.636,17.169,NA,1.573,NA,-14.036,-23.499
89,1,89,135.823,92.329,0,50.1,390.691,15.28,NA,2.055,NA,21.801,35.838
90,1,90,135.823,92.711,0,52.3,391.072,15.304,NA,0.382,NA,90,68.199
91,1,91,135.823,93.474,0,53.6,391.835,15.38,NA,0.763,NA,90,0
92,1,92,136.205,93.474,0,49.9,392.217,15.001,NA,0.382,NA,0,-90
93,1,93,134.297,93.092,0,47.9,394.162,16.856,NA,1.945,NA,-168.69,-168.69
94,1,94,133.916,93.092,0,48.9,394.544,17.236,NA,0.382,NA,180,-11.31
95,1,95,132.771,92.329,0,45.8,395.919,18.329,NA,1.376,NA,-146.31,33.69
96,1,96,131.627,91.185,0,48.1,397.538,19.462,NA,1.619,NA,-135,11.31
97,1,97,131.627,89.277,0,48.9,399.446,19.592,NA,1.908,NA,-90,45
98,1,98,131.627,90.04,0,46.6,400.209,19.518,NA,0.763,NA,90,180
99,1,99,131.627,91.185,0,46.6,401.353,19.462,NA,1.145,NA,90,0
100,1,100,131.627,91.185,0,44.5,401.353,19.462,NA,0,NA,0,-90
101,1,101,130.864,88.133,0,60.2,404.499,20.51,NA,3.146,NA,-104.036,-104.036
102,1,102,130.482,87.37,0,57.4,405.353,21.026,NA,0.853,NA,-116.565,-12.529
103,1,103,130.101,86.988,0,54.4,405.892,21.478,NA,0.54,NA,-135,-18.435
104,1,104,130.864,87.751,0,56.1,406.971,20.578,NA,1.079,NA,45,180
105,1,105,130.864,90.04,0,73.3,409.26,20.278,NA,2.289,NA,90,45
106,1,106,133.153,95,0,60.5,414.723,18.258,NA,5.463,NA,65.225,-24.775
107,1,107,134.297,98.434,0,59.3,418.342,18.138,NA,3.619,NA,71.565,6.34
108,1,108,134.297,102.631,0,71,422.539,20.105,NA,4.197,NA,90,18.435
109,1,109,135.06,107.591,0,86.2,427.557,22.662,NA,5.018,NA,81.254,-8.746
110,1,110,136.968,108.354,0,77.2,429.612,21.934,NA,2.055,NA,21.801,-59.452
111,1,111,138.876,110.643,0,70.8,432.592,22.649,NA,2.98,NA,50.194,28.393
112,1,112,140.402,117.51,0,81.3,439.627,28.057,NA,7.035,NA,77.471,27.277
113,1,113,141.165,118.273,0,97,440.706,28.49,NA,1.079,NA,45,-32.471
114,1,114,141.165,120.562,0,88.4,442.995,30.646,NA,2.289,NA,90,45
115,1,115,141.165,119.036,0,84,444.521,29.206,NA,1.526,NA,-90,-180
116,1,116,141.165,114.458,0,78,449.1,24.948,NA,4.578,NA,-90,0
117,1,117,141.928,103.394,0,81.8,460.19,14.958,NA,11.091,NA,-86.055,3.945
118,1,118,141.928,93.856,0,66.3,469.728,9.438,NA,9.538,NA,-90,-3.945
119,1,119,140.402,88.133,0,65,475.651,11.221,NA,5.923,NA,-104.931,-14.931
120,1,120,138.113,83.173,0,65.1,481.114,15.451,NA,5.463,NA,-114.775,-9.844
121,1,121,134.679,82.028,0,49.9,484.733,18.977,NA,3.619,NA,-161.565,-46.79
122,1,122,132.771,82.41,0,48.9,486.679,20.475,NA,1.945,NA,168.69,-29.745
123,1,123,132.39,86.607,0,47.9,490.893,19.342,NA,4.214,NA,95.194,-73.496
124,1,124,132.008,92.711,0,48.9,497.009,19.111,NA,6.116,NA,93.576,-1.618
125,1,125,133.153,95.763,0,53.2,500.269,18.416,NA,3.26,NA,69.444,-24.132
126,1,126,133.153,101.105,0,60.3,505.61,20.311,NA,5.341,NA,90,20.556
127,1,127,133.916,104.157,0,60.3,508.756,21.29,NA,3.146,NA,75.964,-14.036
128,1,128,133.916,108.354,0,72.4,512.953,24.012,NA,4.197,NA,90,14.036
129,1,129,135.442,111.406,0,81.7,516.366,25.264,NA,3.412,NA,63.435,-26.565
130,1,130,136.205,115.603,0,72,520.631,28.269,NA,4.266,NA,79.695,16.26
131,1,131,136.587,117.129,0,72.4,522.204,29.387,NA,1.573,NA,75.964,-3.731
132,1,132,136.968,113.313,0,69.8,526.039,25.927,NA,3.834,NA,-84.289,-160.253
133,1,133,138.113,101.486,0,66.2,537.921,16.33,NA,11.883,NA,-84.472,-0.183
